$ 3 0.000015625 222.68277840103303 47 5 50 5e-11
a 488 336 528 336 11 15 -15 1000000 -0.17890587209453224 -0.1789081553683695 100000
w 440 328 424 328 0
c 424 392 424 448 4 0.0000022 -0.1789081553683695 0 0
w 424 328 424 392 0
r 424 328 376 328 0 3620
r 376 328 328 328 0 3620
g 424 448 424 464 0 0
c 376 280 528 280 4 0.0000022 -2.8399602603739127 0 0
w 376 280 376 328 0
w 528 280 528 336 0
w 440 328 488 328 0
w 424 448 488 448 0
r 488 448 488 384 0 3620
w 488 344 488 384 0
w 488 384 528 384 0
R 328 328 328 392 0 1 18.880000000000003 5 0 0 0.5
w 528 336 600 336 0
r 528 384 528 336 0 1000
o 16 256 0 70658 10 0.1 0 2 16 3
38 15 F1 3 4 500 -1 Frequency
