$ 3 0.000015625 222.68277840103303 47 5 50 5e-11
a 488 336 528 336 11 15 -15 1000000 4.5082602114506685 4.508317747810273 100000
w 440 328 424 328 0
c 424 392 424 448 4 0.0000022 4.508317747810273 0 0
w 424 328 424 392 0
r 424 328 376 328 0 3620
r 376 328 328 328 0 3620
g 424 448 424 464 0 0
c 376 280 528 280 4 0.0000022 -1.2453182126607398 0 0
w 376 280 376 328 0
w 528 280 528 336 0
w 440 328 488 328 0
w 424 448 488 448 0
r 488 448 488 384 0 3620
w 488 344 488 384 0
w 488 384 528 384 0
w 528 336 600 336 0
174 176 400 248 432 1 50000 0.8168000000000001 Resistance
g 216 432 216 488 0 0
374 264 184 264 272 0 0.9901000000000001 Light\sBrightness
w 264 272 264 328 0
w 264 328 264 400 0
w 256 400 264 400 0
w 328 328 264 328 0
R 264 184 184 184 0 0 40 5 0 0 0.5
r 528 384 528 336 0 1000
o 15 256 0 70658 10 0.1 0 2 15 3
