$ 3 0.000015625 222.68277840103303 47 5 50 5e-11
a 488 336 528 336 11 15 -15 1000000 2.146689783804472 2.1467171807845853 100000
w 440 328 424 328 0
c 424 392 424 448 4 0.0000022 2.1467171807845853 0 0
w 424 328 424 392 0
r 424 328 376 328 0 3620
r 376 328 328 328 0 3620
g 424 448 424 464 0 0
c 376 280 528 280 4 0.0000022 -0.5938133536857491 0 0
w 376 280 376 328 0
w 528 280 528 336 0
w 440 328 488 328 0
w 424 448 488 448 0
r 488 448 488 384 0 3620
w 488 344 488 384 0
w 488 384 528 384 0
w 528 336 600 336 0
174 176 400 248 432 1 50000 0.8069000000000001 Resistance
g 216 432 216 488 0 0
374 264 184 264 272 0 0.8713000000000001 Light\sBrightness
w 264 272 264 328 0
w 264 328 264 400 0
w 256 400 264 400 0
w 328 328 264 328 0
R 264 184 184 184 0 0 40 5 0 0 0.5
r 528 384 528 336 0 1000
a 856 176 928 176 11 15 -15 1000000 4.375 2.7396980113747675 100000
a 856 232 928 232 11 15 -15 1000000 3.75 2.7396980113747675 100000
a 856 288 936 288 11 15 -15 1000000 3.124999999999999 2.7396980113747675 100000
a 856 336 936 336 11 15 -15 1000000 2.499999999999999 2.7396980113747675 100000
a 856 400 944 400 11 15 -15 1000000 1.8749999999999993 2.7396980113747675 100000
a 856 456 944 456 11 15 -15 1000000 1.2499999999999993 2.7396980113747675 100000
a 856 512 944 512 11 15 -15 1000000 0.6249999999999997 2.7396980113747675 100000
r 736 136 736 184 0 1000
w 736 184 856 184 0
r 736 184 736 240 0 1000
w 736 240 856 240 0
r 736 240 736 296 0 1000
w 736 296 856 296 0
r 736 296 736 344 0 1000
w 736 344 856 344 0
r 736 344 736 408 0 1000
w 736 408 856 408 0
r 736 408 736 464 0 1000
w 736 464 856 464 0
r 736 464 736 520 0 1000
w 736 520 856 520 0
r 736 520 736 576 0 1000
g 736 576 736 616 0 0
R 736 136 656 136 0 0 40 5 0 0 0.5
w 600 336 600 640 0
w 600 640 856 640 0
w 856 640 856 504 0
w 856 504 856 448 0
w 856 448 856 392 0
w 856 392 856 328 0
w 856 328 856 280 0
w 856 280 856 224 0
w 856 224 856 168 0
o 15 256 0 70658 10 0.1 0 2 15 3
