$ 3 0.000005 9.78399845368213 58 7 50 5e-11
a 112 -8 184 -8 10 5 0 1000000 4.375 1.181360126560321 100000
a 112 40 184 40 10 5 0 1000000 3.75 1.181360126560321 100000
a 112 88 184 88 10 5 0 1000000 3.124999999999999 1.181360126560321 100000
a 112 136 184 136 10 5 0 1000000 2.499999999999999 1.181360126560321 100000
a 112 184 184 184 10 5 0 1000000 1.8749999999999993 1.181360126560321 100000
a 112 232 184 232 10 5 0 1000000 1.2499999999999993 1.181360126560321 100000
a 112 280 184 280 10 5 0 1000000 0.6249999999999997 1.181360126560321 100000
r 80 -64 80 -16 0 1000
r 80 -16 80 32 0 1000
r 80 32 80 80 0 1000
r 80 80 80 128 0 1000
r 80 128 80 176 0 1000
r 80 176 80 224 0 1000
r 80 224 80 272 0 1000
r 80 272 80 320 0 1000
R 80 -64 40 -64 0 0 40 5 0 0 0.5
w 80 -16 112 -16 0
w 80 32 112 32 0
w 80 80 112 80 0
w 80 128 112 128 0
w 80 176 112 176 0
w 80 224 112 224 0
w 80 272 112 272 0
w 112 0 112 48 0
w 112 48 112 96 0
w 112 96 112 144 0
w 112 144 112 192 0
w 112 192 112 240 0
w 112 240 112 288 0
w 112 0 112 -48 0
g 80 320 80 328 0 0
154 296 296 360 296 1 7 5 5
w 184 280 184 320 0
w 184 320 296 320 0
w 184 232 192 232 0
w 192 232 192 312 0
w 192 312 296 312 0
w 184 184 200 184 0
w 200 184 200 304 0
w 200 304 296 304 0
w 184 136 208 136 0
w 208 136 208 296 0
w 208 296 296 296 0
w 184 88 216 88 0
w 216 88 216 288 0
w 216 288 296 288 0
w 184 40 224 40 0
w 224 40 224 280 0
w 224 280 296 280 0
w 184 -8 232 -8 0
w 232 -8 232 272 0
w 232 272 296 272 0
154 288 224 360 224 1 3 0 5
w 192 232 288 232 0
w 288 224 256 224 0
w 288 216 264 216 0
w 256 224 256 136 0
w 256 136 208 136 0
w 264 216 264 40 0
w 264 40 224 40 0
w 256 136 360 136 0
w 360 296 360 256 0
w 360 136 360 192 0
w 360 192 384 192 0
w 360 224 384 224 0
w 360 256 384 256 0
r -136 152 -136 104 0 1000
R -400 -48 -480 -48 0 0 40 5 0 0 0.5
w -336 96 -400 96 0
w -408 168 -400 168 0
w -400 96 -400 168 0
w -400 40 -400 96 0
374 -400 -48 -400 40 0 0.5248 Light\sBrightness
g -448 200 -448 256 0 0
174 -488 168 -416 200 1 50000 0.7871 Resistance
w -136 104 -56 104 0
w -176 152 -136 152 0
w -176 112 -176 152 0
r -176 216 -176 152 0 3620
w -240 216 -176 216 0
w -224 96 -176 96 0
w -136 48 -136 104 0
w -288 48 -288 96 0
c -288 48 -136 48 4 0.0000022 -0.26470153237652094 0 0
g -240 216 -240 232 0 0
r -288 96 -336 96 0 3620
r -240 96 -288 96 0 3620
w -240 96 -240 160 0
c -240 160 -240 216 4 0.0000022 0.9256662850709446 0 0
w -224 96 -240 96 0
a -176 104 -136 104 11 15 -15 1000000 0.9256544714696789 0.9256662850709446 100000
w -56 104 -56 368 0
w -56 368 112 368 0
w 112 288 112 368 0
o 75 2 0 5122 10 0.1 0 2 75 3
