$ 3 0.000005 10.20027730826997 50 5 50 5e-11
w 680 144 680 -16 0
w 624 -48 680 -48 0
w 624 -80 680 -80 0
157 1152 8 1192 8 4097 7 1 1
w 1168 -8 1168 -152 0
w 1168 -152 1120 -152 0
w 1184 -8 1184 -120 0
w 1184 -120 1120 -120 0
w 1200 -8 1200 -88 0
w 1200 -88 1120 -88 0
w 1216 -8 1216 -56 0
w 1216 -56 1120 -56 0
w 1168 88 1120 88 0
w 1184 88 1184 120 0
w 1184 120 1120 120 0
w 1200 88 1200 152 0
w 1200 152 1120 152 0
197 680 -112 832 -112 0
g 680 -112 624 -112 0 0
w 808 -112 808 -152 0
w 808 -152 1032 -152 0
w 808 -80 848 -80 0
w 848 -80 848 -120 0
w 848 -120 1032 -120 0
w 808 -48 888 -48 0
w 888 -48 888 -88 0
w 888 -88 1032 -88 0
w 808 -16 928 -16 0
w 928 -16 928 -56 0
w 928 -56 1032 -56 0
w 808 16 1032 16 0
w 1032 16 1032 88 0
w 808 48 992 48 0
w 992 48 992 120 0
w 992 120 1032 120 0
w 808 80 944 80 0
w 944 80 944 152 0
w 944 152 1032 152 0
w 1032 -152 1120 -152 0
w 1032 -120 1120 -120 0
w 1032 -88 1120 -88 0
w 1032 -56 1120 -56 0
w 1032 88 1120 88 0
w 1032 120 1120 120 0
w 1032 152 1120 152 0
w 1232 -8 1232 -56 0
r 1232 -56 1312 -56 0 1000
g 1312 -56 1312 -16 0 0
