$ 1 0.000049999999999999996 382.76258214399064 26 5 50 5e-11
165 656 336 752 336 6 4.999999950000001
r 480 256 480 320 0 18000
r 480 400 480 480 0 2000
174 416 160 496 208 1 200000 0.005 Resistance
w 480 256 480 240 0
w 480 320 480 336 0
w 480 336 480 400 0
c 480 480 480 576 4 0.0021999999999999997 1.7074026997614282 0 0
w 480 400 656 400 0
w 656 368 656 400 0
w 480 480 592 480 0
w 656 432 592 432 0
w 592 432 592 480 0
w 656 464 656 480 0
w 592 480 656 480 0
g 480 576 480 608 0 0
g 752 496 752 528 0 0
w 784 368 816 368 0
w 720 304 720 176 0
w 816 368 816 176 0
w 512 160 720 160 0
w 720 176 720 160 0
w 816 176 816 160 0
w 720 160 816 160 0
R 816 160 848 160 0 0 40 5 0 0 0.5
w 784 400 912 400 0
w 720 496 720 512 0
w 720 512 704 512 0
c 704 512 656 512 4 1e-8 3.333333333333333 0 0
g 656 512 656 560 0 0
w 464 208 464 240 0
w 464 240 480 240 0
o 25 1024 0 4098 5 0.1 0 2 25 3
