$ 3 0.005 222.68277840103303 47 5 50 5e-11
w 440 328 424 328 0
c 424 392 424 448 4 0.0000022 3.453081449365119 0 0
w 424 328 424 392 0
r 424 328 376 328 0 3620
r 376 328 328 328 0 3620
c 376 280 528 280 4 0.0000022 -0.9538336601897921 0 0
w 376 280 376 328 0
w 440 328 488 328 0
w 424 448 488 448 0
r 488 448 488 384 0 3620
w 488 344 488 384 0
w 488 384 528 384 0
174 176 400 248 432 1 50000 0.9554000000000001 Sensivity of LDR
g 216 432 216 488 0 0
374 264 184 264 272 0 0.9901000000000001 Light\sBrightness
w 264 272 264 328 0
w 264 328 264 400 0
w 256 400 264 400 0
w 328 328 264 328 0
R 264 184 184 184 0 0 40 5 0 0 0.5
r 672 384 672 336 0 1000
w 176 -264 192 -264 0
w 432 -8 432 8 0
w 496 -104 624 -104 0
R 528 -344 560 -344 0 0 40 5 0 0 0.5
w 432 -344 528 -344 0
w 528 -328 528 -344 0
w 432 -328 432 -344 0
w 224 -344 432 -344 0
w 528 -136 528 -328 0
w 432 -200 432 -328 0
w 496 -136 528 -136 0
g 464 -8 464 24 0 0
g 192 72 192 104 0 0
w 304 -24 368 -24 0
w 368 -40 368 -24 0
w 304 -72 304 -24 0
w 368 -72 304 -72 0
w 192 -24 304 -24 0
w 368 -136 368 -104 0
w 192 -104 368 -104 0
c 192 -24 192 72 4 0.00009999999999999999 0.711985599194734 0 0
w 192 -168 192 -104 0
w 192 -184 192 -168 0
w 192 -248 192 -264 0
174 128 -344 208 -296 1 100000 0.9950000000000001 pulse width variac
r 192 -104 192 -24 0 5600
165 368 -168 464 -168 6 0
w 1840 -248 1856 -248 0
w 1840 -280 1840 -248 0
g 2032 24 2032 72 0 0
c 2080 24 2032 24 4 1e-8 3.3332522851599826 0 0
w 2096 24 2080 24 0
w 2096 8 2096 24 0
w 2160 -88 2288 -88 0
R 2192 -328 2224 -328 0 0 40 5 0 0 0.5
w 2096 -328 2192 -328 0
w 2192 -312 2192 -328 0
w 2096 -312 2096 -328 0
w 1888 -328 2096 -328 0
w 2192 -120 2192 -312 0
w 2096 -184 2096 -312 0
w 2160 -120 2192 -120 0
g 2128 8 2128 40 0 0
g 1856 88 1856 120 0 0
w 1968 -8 2032 -8 0
w 2032 -24 2032 -8 0
w 1968 -56 1968 -8 0
w 2032 -56 1968 -56 0
w 1856 -8 1968 -8 0
w 2032 -120 2032 -88 0
w 1856 -88 2032 -88 0
c 1856 -8 1856 88 4 0.000032999999999999996 2.860106327063136 0 0
w 1856 -152 1856 -88 0
w 1856 -168 1856 -152 0
w 1856 -232 1856 -248 0
174 1792 -328 1872 -280 1 100000 0.9950000000000001 Timer 300-900
r 1856 -88 1856 -8 0 22000
r 1856 -232 1856 -168 0 6800
165 2032 -152 2128 -152 6 0
w 208 -344 224 -344 0
w 168 -296 176 -296 0
w 1832 -280 1840 -280 0
w 1872 -328 1888 -328 0
409 856 352 1024 352 1 0.6 -0.3313804373011837 0.023100000000000002 0
w 528 280 672 280 0
w 672 280 672 336 0
w 528 384 672 384 0
r 744 336 856 336 0 10000
g 856 368 856 408 0 0
R 936 320 936 312 0 0 40 5 0 0 0.5
R 936 384 936 392 0 0 40 0 0 0 0.5
w 856 336 856 280 0
r 856 280 1024 280 0 10000
w 1024 280 1024 352 0
w 1024 352 1104 352 0
w 672 336 744 336 0
w 432 168 1104 168 0
w 1104 352 1104 168 0
w 176 -296 176 -264 0
w 432 8 432 168 0
156 624 -136 704 -136 2 0
156 784 -136 832 -136 2 5
156 952 -136 1032 -136 2 0
156 1112 -136 1192 -136 2 0
w 720 -136 744 -136 0
w 880 -136 904 -136 0
w 1048 -136 1072 -136 0
w 624 -136 624 -200 0
w 784 -136 784 -200 0
w 952 -136 952 -200 0
w 1112 -136 1112 -200 0
w 624 -200 784 -200 0
w 784 -200 952 -200 0
w 952 -200 1112 -200 0
w 1112 -200 1240 -200 0
w 624 -72 624 0 0
w 784 -72 784 0 0
w 952 -72 952 0 0
w 1112 -72 1112 0 0
w 624 0 784 0 0
w 784 0 952 0 0
w 952 0 1112 0 0
w 1112 0 1240 0 0
w 744 -136 744 -104 0
w 744 -104 784 -104 0
w 904 -136 904 -104 0
w 904 -104 952 -104 0
w 1072 -136 1072 -104 0
w 1072 -104 1112 -104 0
w 744 -104 744 112 0
w 904 -104 904 88 0
w 1072 -104 1072 72 0
w 1208 -136 1224 -136 0
w 720 -104 720 -296 0
w 880 -104 880 -296 0
w 720 -296 880 -296 0
w 1048 -104 1048 -296 0
w 880 -296 1048 -296 0
w 1208 -104 1208 -296 0
w 1048 -296 1208 -296 0
w 1696 -320 1696 152 0
w 1696 152 2288 152 0
150 1320 320 1608 320 0 6 0 5
w 744 112 1152 112 0
w 904 88 1176 88 0
w 1072 72 1200 72 0
w 1152 112 1152 352 0
w 1176 88 1176 336 0
w 1200 72 1200 304 0
w 1224 48 1224 280 0
w 1224 280 1224 288 0
w 1048 -296 1048 -320 0
156 1608 288 1824 288 2 0
156 1784 288 1872 288 2 0
156 1952 288 2000 288 2 0
w 1704 288 1728 288 0
w 1728 288 1728 320 0
w 1728 320 1784 320 0
w 1880 288 1912 288 0
w 1912 288 1912 320 0
w 1912 320 1952 320 0
w 1728 320 1728 520 0
w 1912 320 1912 496 0
w 2048 288 2088 288 0
w 2088 288 2088 464 0
w 1608 288 1608 232 0
w 1608 232 1784 232 0
w 1784 232 1784 288 0
w 1784 232 1952 232 0
w 1952 288 1952 232 0
w 1952 232 2120 232 0
w 1608 352 1608 408 0
w 1784 352 1784 408 0
w 1608 408 1784 408 0
w 1952 352 1952 400 0
w 1784 408 1952 408 0
w 1952 400 1952 408 0
w 2120 232 2120 408 0
w 1952 408 2120 408 0
R 2120 232 2152 232 0 0 40 5 0 0 0.5
w 1704 320 1704 208 0
w 1880 320 1880 208 0
w 2048 320 2048 208 0
w 1704 208 1880 208 0
w 1880 208 2048 208 0
g 3344 368 3344 408 0 0
r 3264 368 3344 368 0 1000
w 3264 416 3264 368 0
w 3064 576 3152 576 0
w 3064 544 3152 544 0
w 3064 512 3152 512 0
w 3064 368 3152 368 0
w 3064 336 3152 336 0
w 3064 304 3152 304 0
w 3064 272 3152 272 0
w 2976 576 3064 576 0
w 2976 504 2976 576 0
w 2840 504 2976 504 0
w 3024 544 3064 544 0
w 3024 472 3024 544 0
w 2840 472 3024 472 0
w 3064 440 3064 512 0
w 2840 440 3064 440 0
w 2960 368 3064 368 0
w 2960 408 2960 368 0
w 2840 408 2960 408 0
w 2920 336 3064 336 0
w 2920 376 2920 336 0
w 2840 376 2920 376 0
w 2880 304 3064 304 0
w 2880 344 2880 304 0
w 2840 344 2880 344 0
w 2840 272 3064 272 0
w 2840 312 2840 272 0
g 2712 312 2656 312 0 0
197 2712 312 2864 312 0
w 3232 576 3152 576 0
w 3232 512 3232 576 0
w 3216 544 3152 544 0
w 3216 512 3216 544 0
w 3200 512 3152 512 0
w 3248 368 3152 368 0
w 3248 416 3248 368 0
w 3232 336 3152 336 0
w 3232 416 3232 336 0
w 3216 304 3152 304 0
w 3216 416 3216 304 0
w 3200 272 3152 272 0
w 3200 416 3200 272 0
157 3184 432 3224 432 4097 7 1 1
w 2656 344 2712 344 0
w 2656 376 2712 376 0
155 2384 224 2440 224 0 0
155 2384 352 2416 352 0 0
155 2384 480 2440 480 0 0
w 2088 464 2264 464 0
w 2384 224 2264 224 0
w 2384 352 2312 352 0
w 2384 480 2344 480 0
w 2264 224 2264 464 0
w 1912 496 2304 496 0
w 2312 352 2312 496 0
w 2304 496 2312 496 0
w 1728 520 2344 520 0
w 2344 480 2344 520 0
w 2480 224 2600 224 0
w 2600 224 2600 344 0
w 2600 344 2656 344 0
w 2480 352 2560 352 0
w 2656 376 2560 376 0
w 2560 352 2560 376 0
w 2712 408 2600 408 0
w 2600 408 2600 480 0
w 2480 480 2600 480 0
w 2384 512 2384 384 0
w 2384 384 2384 256 0
w 2384 256 2384 176 0
w 2288 152 2384 152 0
w 2384 176 2384 152 0
w 1048 -320 1504 -320 0
w 1880 208 1880 176 0
s 2536 96 2624 96 0 1 false
R 2624 96 2680 96 0 0 40 5 0 0 0.5
164 2552 -328 2648 -328 0 4 0 0 0 0 false 0
164 2552 -160 2640 -160 0 4 0 0 0 5 false 0
w 2648 -160 2648 -192 0
w 2648 -192 2536 -192 0
w 2536 -192 2536 -328 0
w 2536 -328 2552 -328 0
w 2288 -88 2512 -88 0
w 2552 -160 2512 -160 0
w 2512 -88 2512 -160 0
w 2552 -64 2472 -64 0
w 2552 -232 2472 -232 0
w 2472 -64 2472 -232 0
w 2648 -160 2664 -160 0
150 2784 -200 3096 -200 0 8 0 5
w 2648 -328 2784 -328 0
w 2784 -328 2784 -264 0
w 2648 -64 2784 -64 0
w 2784 -136 2784 -64 0
w 2784 -248 2776 -248 0
w 2648 -296 2776 -296 0
w 2776 -296 2776 -248 0
w 2784 -232 2768 -232 0
w 2648 -264 2768 -264 0
w 2768 -264 2768 -232 0
w 2648 -232 2752 -232 0
w 2752 -232 2752 -216 0
w 2752 -216 2784 -216 0
w 2664 -160 2752 -160 0
w 2752 -160 2752 -184 0
w 2752 -184 2784 -184 0
w 2648 -128 2760 -128 0
w 2760 -128 2760 -168 0
w 2760 -168 2784 -168 0
w 2648 -96 2776 -96 0
w 2776 -96 2776 -152 0
w 2776 -152 2784 -152 0
w 2288 152 2288 8 0
w 3096 -200 3096 0 0
w 2536 96 2456 96 0
w 1504 -320 1696 -320 0
g 424 448 424 488 0 0
a 576 336 672 336 11 15 -15 1000000 3.453037380214023 3.453081449365119 100000
w 488 328 576 328 0
w 488 344 576 344 0
156 1264 -136 1344 -136 2 0
156 1416 -136 1528 -136 2 0
w 1224 -136 1224 -104 0
w 1224 -104 1264 -104 0
w 1360 -136 1384 -136 0
w 1384 -136 1384 -104 0
w 1384 -104 1416 -104 0
w 1224 -104 1224 48 0
w 1264 -136 1264 -200 0
w 1264 -72 1264 0 0
w 1416 -72 1416 0 0
w 1240 -200 1264 -200 0
w 1416 -136 1416 -200 0
w 1264 -200 1416 -200 0
w 1240 0 1264 0 0
w 1264 0 1416 0 0
w 1416 -200 1544 -200 0
w 1544 -200 1544 0 0
w 1416 0 1544 0 0
R 1544 -200 1576 -200 0 0 40 5 0 0 0.5
w 1360 -104 1360 -296 0
w 1512 -104 1512 -296 0
w 1208 -296 1360 -296 0
w 1360 -296 1512 -296 0
w 1320 368 1152 368 0
w 1152 352 1152 368 0
w 1320 352 1176 352 0
w 1176 336 1176 352 0
w 1320 336 1200 336 0
w 1200 304 1200 336 0
w 1320 304 1224 304 0
w 1224 288 1224 304 0
w 1320 288 1264 288 0
w 1264 280 1264 288 0
w 1512 -136 1536 -136 0
w 1384 -104 1384 40 0
w 1536 -136 1536 40 0
w 1384 40 1264 40 0
w 1264 40 1264 280 0
w 1536 40 1536 64 0
w 1536 64 1320 64 0
w 1320 64 1320 272 0
174 192 -248 264 -216 1 47000 0.10400000000000001 Calibration
w 192 -184 232 -184 0
w 232 -216 232 -184 0
w 1880 176 2288 176 0
w 2288 176 2288 152 0
w 2472 -64 2288 -64 0
w 2288 -64 2288 8 0
w 2288 152 2456 96 0
d 2824 8 2632 8 2 default
w 2824 8 3096 8 0
w 3096 0 3096 8 0
w 2632 8 2288 8 0
o 23 2 0 4098 5 0.1 0 2 23 3
o 54 2 0 4098 5 0.1 1 2 54 3
o 97 2 0 5122 5 0.1 2 2 97 3
