$ 1 0.000005 10.20027730826997 50 5 50 5e-11
156 304 368 480 368 0 0
156 544 368 576 368 0 0
156 800 368 848 368 0 0
156 1024 368 1056 368 0 0
w 400 368 432 368 0
w 432 368 432 400 0
w 432 400 544 400 0
w 640 368 704 368 0
w 704 368 704 400 0
w 704 400 800 400 0
w 896 368 944 368 0
w 944 368 944 400 0
w 944 400 1024 400 0
w 304 368 304 304 0
w 304 304 544 304 0
w 544 304 544 368 0
w 544 304 800 304 0
w 800 304 800 368 0
w 800 304 1024 304 0
w 1024 304 1024 368 0
w 304 432 304 496 0
w 544 432 544 496 0
w 800 432 800 480 0
w 1024 432 1024 480 0
w 800 480 800 496 0
w 1024 480 1024 496 0
w 304 496 544 496 0
w 544 496 800 496 0
w 800 496 1024 496 0
R 304 304 304 240 0 0 40 5 0 0 0.5
w 1024 304 1184 304 0
w 1184 304 1184 496 0
w 1184 496 1024 496 0
