$ 3 0.002 382.76258214399064 76 7 50 5e-11
a 112 -8 184 -8 10 5 0 1000000 4.375 2.0720336157205406 100000
a 112 40 184 40 10 5 0 1000000 3.75 2.0720336157205406 100000
a 112 88 184 88 10 5 0 1000000 3.124999999999999 2.0720336157205406 100000
a 112 136 184 136 10 5 0 1000000 2.499999999999999 2.0720336157205406 100000
a 112 184 184 184 10 5 0 1000000 1.8749999999999993 2.0720336157205406 100000
a 112 232 184 232 10 5 0 1000000 1.2499999999999993 2.0720336157205406 100000
a 112 280 184 280 10 5 0 1000000 0.6249999999999997 2.0720336157205406 100000
r 80 -64 80 -16 0 1000
r 80 -16 80 32 0 1000
r 80 32 80 80 0 1000
r 80 80 80 128 0 1000
r 80 128 80 176 0 1000
r 80 176 80 224 0 1000
r 80 224 80 272 0 1000
r 80 272 80 320 0 1000
R 80 -64 40 -64 0 0 40 5 0 0 0.5
w 80 -16 112 -16 0
w 80 32 112 32 0
w 80 80 112 80 0
w 80 128 112 128 0
w 80 176 112 176 0
w 80 224 112 224 0
w 80 272 112 272 0
w 112 0 112 48 0
w 112 48 112 96 0
w 112 96 112 144 0
w 112 144 112 192 0
w 112 192 112 240 0
w 112 240 112 288 0
w 112 0 112 -48 0
g 80 320 80 328 0 0
154 296 296 360 296 1 7 5 5
w 184 280 184 320 0
w 184 320 296 320 0
w 184 232 192 232 0
w 192 232 192 312 0
w 192 312 296 312 0
w 184 184 200 184 0
w 200 184 200 304 0
w 200 304 296 304 0
w 184 136 208 136 0
w 208 136 208 296 0
w 208 296 296 296 0
w 184 88 216 88 0
w 216 88 216 288 0
w 216 288 296 288 0
w 184 40 224 40 0
w 224 40 224 280 0
w 224 280 296 280 0
w 184 -8 232 -8 0
w 232 -8 232 272 0
w 232 272 296 272 0
154 288 224 360 224 1 3 5 5
w 192 232 288 232 0
w 288 224 256 224 0
w 288 216 264 216 0
w 256 224 256 136 0
w 256 136 208 136 0
w 264 216 264 40 0
w 264 40 224 40 0
w 256 136 360 136 0
w 360 224 384 224 0
R -400 -48 -480 -48 0 0 40 5 0 0 0.5
w -336 96 -400 96 0
w -408 168 -400 168 0
w -400 96 -400 168 0
w -400 40 -400 96 0
374 -400 -48 -400 40 0 0.9406000000000001 Light\sBrightness
g -448 200 -448 256 0 0
174 -488 168 -416 200 1 50000 0.9158000000000001 LDR Sensivity
w -136 104 -56 104 0
w -176 152 -136 152 0
w -176 112 -176 152 0
w -224 96 -176 96 0
w -136 48 -136 104 0
w -288 48 -288 96 0
c -288 48 -136 48 4 0.000001 0.0000207203361548558 0 0
g -240 216 -240 232 0 0
r -288 96 -336 96 0 18000
r -240 96 -288 96 0 18000
w -240 96 -240 160 0
c -240 160 -240 216 4 0.000001 2.0720543360566976 0 0
w -224 96 -240 96 0
a -176 104 -136 104 11 15 -15 1000000 2.0720336157205406 2.0720543360566976 100000
w -56 104 -56 368 0
w -56 368 112 368 0
w 112 288 112 368 0
g 2000 248 2000 288 0 0
r 1920 248 2000 248 0 1000
w 1920 296 1920 248 0
w 1720 456 1808 456 0
w 1720 424 1808 424 0
w 1720 392 1808 392 0
w 1720 248 1808 248 0
w 1720 216 1808 216 0
w 1720 184 1808 184 0
w 1720 152 1808 152 0
w 1632 456 1720 456 0
w 1632 384 1632 456 0
w 1496 384 1632 384 0
w 1680 424 1720 424 0
w 1680 352 1680 424 0
w 1496 352 1680 352 0
w 1720 320 1720 392 0
w 1496 320 1720 320 0
w 1616 248 1720 248 0
w 1616 288 1616 248 0
w 1496 288 1616 288 0
w 1576 216 1720 216 0
w 1576 256 1576 216 0
w 1496 256 1576 256 0
w 1536 184 1720 184 0
w 1536 224 1536 184 0
w 1496 224 1536 224 0
w 1496 152 1720 152 0
w 1496 192 1496 152 0
g 1368 192 1312 192 0 0
197 1368 192 1520 192 0
w 1888 456 1808 456 0
w 1888 392 1888 456 0
w 1872 424 1808 424 0
w 1872 392 1872 424 0
w 1856 392 1808 392 0
w 1904 248 1808 248 0
w 1904 296 1904 248 0
w 1888 216 1808 216 0
w 1888 296 1888 216 0
w 1872 184 1808 184 0
w 1872 296 1872 184 0
w 1856 152 1808 152 0
w 1856 296 1856 152 0
157 1840 312 1880 312 4097 7 1 1
w 1312 224 1368 224 0
w 1312 256 1368 256 0
155 1096 64 1168 64 0 0
155 1096 192 1128 192 0 0
155 1096 328 1184 328 0 0
w 984 64 1096 64 0
w 1016 192 1096 192 0
w 1016 328 1096 328 0
w 1192 64 1264 64 0
w 1264 64 1264 224 0
w 1264 224 1312 224 0
w 1192 192 1248 192 0
w 1248 192 1248 256 0
w 1248 256 1312 256 0
w 1192 328 1264 328 0
w 1264 328 1264 288 0
w 1264 288 1368 288 0
w 1096 360 1096 224 0
w 1096 224 1096 96 0
g 1064 -128 1064 -80 0 0
c 1112 -128 1064 -128 4 1e-8 3.3333333333333335 0 0
w 1128 -128 1112 -128 0
w 1128 -144 1128 -128 0
R 1224 -480 1256 -480 0 0 40 5 0 0 0.5
w 1128 -480 1224 -480 0
w 1224 -464 1224 -480 0
w 1128 -464 1128 -480 0
w 920 -480 1128 -480 0
w 1224 -272 1224 -464 0
w 1128 -336 1128 -464 0
w 1192 -272 1224 -272 0
g 1160 -144 1160 -112 0 0
g 872 -24 872 8 0 0
w 1000 -160 1064 -160 0
w 1064 -176 1064 -160 0
w 1000 -208 1000 -160 0
w 1064 -208 1000 -208 0
w 888 -160 1000 -160 0
w 1064 -272 1064 -240 0
w 888 -240 1064 -240 0
c 888 -160 888 -64 4 0.00009999999999999999 2.2244640259008377 0 0
w 888 -304 888 -240 0
w 888 -320 888 -304 0
w 888 -384 888 -400 0
174 824 -480 904 -432 1 60000 0.9950000000000001 30-300 sec stabalizer
r 888 -240 888 -160 0 1500
r 888 -384 888 -320 0 3900
165 1064 -304 1160 -304 6 4.999999950000001
w 904 -480 920 -480 0
155 304 -184 384 -184 0 0
155 480 -184 552 -184 0 5
155 640 -184 728 -184 0 5
w 304 -184 280 -184 0
w 280 -184 280 -56 0
w 360 136 360 -56 0
w 280 -56 360 -56 0
w 480 -184 464 -184 0
w 464 -184 448 -184 0
w 384 224 384 -56 0
w 384 -56 448 -56 0
w 448 -184 448 -56 0
w 360 296 424 296 0
w 424 296 424 -32 0
w 640 -184 616 -184 0
w 424 -32 616 -32 0
w 616 -184 616 -32 0
w 424 296 944 296 0
w 384 224 856 224 0
w 360 136 792 136 0
w 344 -280 280 -280 0
w 400 -184 400 -280 0
w 360 -280 400 -280 0
w 512 -280 448 -280 0
w 448 -280 448 -184 0
w 576 -184 576 -280 0
w 528 -280 576 -280 0
w 688 -280 616 -280 0
w 616 -280 616 -184 0
w 704 -280 736 -280 0
w 736 -184 736 -280 0
152 520 -456 520 -528 1 3 0 5
w 512 -456 352 -456 0
w 352 -384 352 -456 0
w 520 -384 520 -456 0
w 528 -456 696 -456 0
w 696 -456 696 -392 0
w 280 -280 280 -184 0
w 520 -528 520 -632 0
w 520 -632 1928 -640 0
w 1928 -544 1928 -640 0
w 304 -152 208 -152 0
w 480 -152 416 -152 0
w 640 -152 592 -152 0
w 208 -152 208 -520 0
w 416 -152 416 -520 0
w 592 -152 592 -424 0
w 592 -424 464 -424 0
w 464 -424 464 -544 0
w 416 -520 416 -544 0
w 208 -520 208 -536 0
w 208 -536 208 -544 0
w 208 -544 416 -544 0
w 416 -544 464 -544 0
w 1464 -16 1464 8 0
w 2600 -128 2520 -128 0
150 2464 64 2464 352 0 6 0 5
w 2416 64 2416 16 0
w 2432 64 2432 -24 0
w 2448 64 2448 -64 0
w 2480 64 2480 -96 0
w 2496 64 2496 -128 0
w 2512 64 2512 -128 0
w 2512 -128 2520 -128 0
w 2464 352 2112 352 0
w 2112 352 2112 48 0
w 2112 48 1352 48 0
w 1352 48 1352 -24 0
w 1096 96 1096 -24 0
w 1096 -24 1352 -24 0
w 792 136 984 136 0
w 984 64 984 136 0
w 1016 192 1016 224 0
w 1016 328 1016 296 0
w 944 296 1016 296 0
w 856 224 1016 224 0
154 352 -280 352 -376 1 2 0 5
154 520 -280 520 -376 1 2 0 5
154 696 -280 696 -376 1 2 0 5
w 352 -384 352 -376 0
w 520 -384 520 -376 0
w 696 -392 696 -376 0
w 864 -432 864 -400 0
w 864 -400 888 -400 0
S 888 -64 888 -24 0 1 false 0 2
c 904 -24 992 -24 4 1e-8 0 0 0
g 992 -24 992 8 0 0
w 416 -544 416 -568 0
w 416 -568 1296 -568 0
w 1296 -568 1296 -240 0
w 1192 -240 1296 -240 0
w 1296 -240 1336 -240 0
419 2920 -120 3088 -120 0 6
w 2416 16 2920 40 0
w 2432 -24 2920 8 0
w 2448 -64 2920 -24 0
w 2480 -96 2920 -56 0
w 2496 -128 2920 -88 0
w 2600 -128 2920 -120 0
w 2152 1088 2152 1064 0
w 1744 1088 2152 1088 0
w 96 696 96 728 0
w 56 728 96 728 0
174 56 664 128 696 1 47000 0.10400000000000001 Calibration
w 1128 1192 1128 1200 0
w 1184 1200 1128 1200 0
w 1088 1200 1088 1216 0
w 1184 1216 1088 1216 0
w 1064 1216 1064 1248 0
w 1184 1248 1064 1248 0
w 1040 1248 1040 1264 0
w 1184 1264 1040 1264 0
w 1016 1264 1016 1280 0
w 1184 1280 1016 1280 0
w 2640 760 2648 760 0
w 2640 816 2640 760 0
w 2512 816 2640 816 0
w 2624 744 2648 744 0
w 2624 784 2624 744 0
w 2512 784 2624 784 0
w 2616 728 2648 728 0
w 2616 752 2616 728 0
w 2528 752 2616 752 0
w 2616 696 2648 696 0
w 2616 680 2616 696 0
w 2512 680 2616 680 0
w 2632 648 2632 680 0
w 2512 648 2632 648 0
w 2648 680 2632 680 0
w 2640 616 2640 664 0
w 2512 616 2640 616 0
w 2648 664 2640 664 0
w 2648 776 2648 848 0
w 2512 848 2648 848 0
w 2648 584 2648 648 0
w 2512 584 2648 584 0
150 2648 712 2960 712 0 8 0 5
w 2512 752 2528 752 0
w 2336 848 2336 680 0
w 2416 680 2336 680 0
w 2416 848 2336 848 0
w 2376 824 2376 752 0
w 2416 752 2376 752 0
w 2152 824 2376 824 0
w 2400 584 2416 584 0
w 2400 720 2400 584 0
w 2512 720 2400 720 0
w 2512 752 2512 720 0
164 2416 752 2504 752 0 4 5 0 5 0 false 0
164 2416 584 2512 584 0 4 0 0 0 5 false 0
w 2248 1088 2248 1064 0
w 2152 1064 2248 1064 0
w 2248 1168 2248 1088 0
w 2248 1296 2248 1168 0
w 2248 1424 2248 1296 0
w 2344 1392 2464 1392 0
w 2464 1320 2464 1392 0
w 2576 1320 2464 1320 0
w 2424 1264 2424 1288 0
w 2520 1288 2424 1288 0
w 2344 1264 2424 1264 0
w 2464 1256 2520 1256 0
w 2464 1136 2464 1256 0
w 2344 1136 2464 1136 0
155 2248 1392 2304 1392 0 0
155 2248 1264 2280 1264 0 0
155 2248 1136 2304 1136 0 0
w 2520 1288 2576 1288 0
w 2520 1256 2576 1256 0
157 3048 1344 3088 1344 4097 7 1 1
w 3064 1328 3064 1184 0
w 3064 1184 3016 1184 0
w 3080 1328 3080 1216 0
w 3080 1216 3016 1216 0
w 3096 1328 3096 1248 0
w 3096 1248 3016 1248 0
w 3112 1328 3112 1280 0
w 3112 1280 3016 1280 0
w 3064 1424 3016 1424 0
w 3080 1424 3080 1456 0
w 3080 1456 3016 1456 0
w 3096 1424 3096 1488 0
w 3096 1488 3016 1488 0
197 2576 1224 2728 1224 0
g 2576 1224 2520 1224 0 0
w 2704 1224 2704 1184 0
w 2704 1184 2928 1184 0
w 2704 1256 2744 1256 0
w 2744 1256 2744 1216 0
w 2744 1216 2928 1216 0
w 2704 1288 2784 1288 0
w 2784 1288 2784 1248 0
w 2784 1248 2928 1248 0
w 2704 1320 2824 1320 0
w 2824 1320 2824 1280 0
w 2824 1280 2928 1280 0
w 2704 1352 2928 1352 0
w 2928 1352 2928 1424 0
w 2704 1384 2888 1384 0
w 2888 1384 2888 1456 0
w 2888 1456 2928 1456 0
w 2704 1416 2840 1416 0
w 2840 1416 2840 1488 0
w 2840 1488 2928 1488 0
w 2928 1184 3016 1184 0
w 2928 1216 3016 1216 0
w 2928 1248 3016 1248 0
w 2928 1280 3016 1280 0
w 2928 1424 3016 1424 0
w 2928 1456 3016 1456 0
w 2928 1488 3016 1488 0
w 3128 1328 3128 1280 0
r 3128 1280 3208 1280 0 1000
g 3208 1280 3208 1320 0 0
w 1088 1192 1088 1200 0
150 1184 1232 1472 1232 0 6 0 5
w 1560 1064 2152 1064 0
w 1560 592 1560 1064 0
w 40 616 40 648 0
w 968 1264 968 1080 0
w 296 1080 968 1080 0
w 888 1264 968 1264 0
w 888 1192 888 1264 0
r 720 1192 888 1192 0 6800
w 720 1248 720 1192 0
R 800 1296 800 1304 0 0 40 0 0 0 0.5
R 800 1232 800 1224 0 0 40 5 0 0 0.5
g 720 1280 720 1320 0 0
r 608 1248 720 1248 0 10000
409 720 1264 888 1264 1 0.6 -0.38805899060233506 0.023100000000000002 0
w 1736 584 1752 584 0
w 1696 632 1704 632 0
w 32 616 40 616 0
w 72 568 88 568 0
165 1896 760 1992 760 6 4.999999950000001
r 1720 680 1720 744 0 6800
r 1720 824 1720 904 0 22000
174 1656 584 1736 632 1 100000 0.9950000000000001 Timer 300-900
w 1720 680 1720 664 0
w 1720 744 1720 760 0
w 1720 760 1720 824 0
c 1720 904 1720 1000 4 0.000032999999999999996 3.064410065547828 0 0
w 1720 824 1896 824 0
w 1896 792 1896 824 0
w 1720 904 1832 904 0
w 1896 856 1832 856 0
w 1832 856 1832 904 0
w 1896 888 1896 904 0
w 1832 904 1896 904 0
g 1720 1000 1720 1032 0 0
g 1992 920 1992 952 0 0
w 2024 792 2056 792 0
w 1960 728 1960 600 0
w 2056 792 2056 600 0
w 1752 584 1960 584 0
w 1960 600 1960 584 0
w 2056 600 2056 584 0
w 1960 584 2056 584 0
R 2056 584 2088 584 0 0 40 5 0 0 0.5
w 2024 824 2152 824 0
w 1960 920 1960 936 0
w 1960 936 1944 936 0
c 1944 936 1896 936 4 1e-8 3.333333333333333 0 0
g 1896 936 1896 984 0 0
w 1704 632 1704 664 0
w 1704 664 1720 664 0
165 232 744 328 744 6 4.999999950000001
r 56 808 56 888 0 5600
174 -8 568 72 616 1 100000 0.9950000000000001 pulse width variac
w 56 664 56 648 0
w 56 728 56 744 0
w 56 744 56 808 0
c 56 888 56 984 4 0.00009999999999999999 3.2463639184018005 0 0
w 56 808 232 808 0
w 232 776 232 808 0
w 56 888 168 888 0
w 232 840 168 840 0
w 168 840 168 888 0
w 232 872 232 888 0
w 168 888 232 888 0
g 56 984 56 1016 0 0
g 328 904 328 936 0 0
w 360 776 392 776 0
w 296 712 296 584 0
w 392 776 392 584 0
w 88 568 296 568 0
w 296 584 296 568 0
w 392 584 392 568 0
w 296 568 392 568 0
R 392 568 424 568 0 0 40 5 0 0 0.5
w 360 808 488 808 0
w 296 904 296 920 0
w 40 648 56 648 0
w 608 1248 -56 1248 0
w -56 368 -56 1248 0
d 296 1080 296 920 2 default
164 744 632 832 632 0 4 0 0 0 5 false 0
164 744 848 824 848 0 4 5 0 5 0 false 0
w 488 808 648 808 0
w 648 808 648 848 0
w 648 848 744 848 0
w 840 800 840 848 0
w 744 632 696 632 0
w 696 632 696 800 0
w 840 800 696 800 0
w 1016 1264 1016 944 0
w 840 944 1016 944 0
w 840 912 1040 912 0
w 1040 1248 1040 912 0
w 1064 1216 1064 880 0
w 840 880 1064 880 0
w 840 848 1080 848 0
w 1088 1192 1088 848 0
w 1080 848 1088 848 0
w 840 728 1120 728 0
w 1128 1192 1136 728 0
w 1120 728 1136 728 0
w 1184 1184 1192 696 0
w 840 696 1192 696 0
w 744 944 744 728 0
w 744 728 744 568 0
w 744 568 1560 568 0
w 1560 592 1560 568 0
w 2960 712 2960 880 0
w 2960 880 2408 880 0
d 2408 880 2408 976 2 default
w 2408 976 2408 1000 0
w 2408 1000 2408 1024 0
w 2408 1024 2464 1024 0
w 2408 1024 2408 1040 0
w 2336 848 2296 848 0
w 2296 848 2296 1040 0
w 2296 1040 2304 1040 0
r 2408 1040 2408 1112 0 1200
r 2408 1040 2344 1040 0 1200
d 2304 1040 2344 1040 2 default
g 2408 1112 2440 1112 0 0
w 2408 1040 2472 1072 0
s 2472 1072 2536 1072 0 1 false
R 2536 1072 2584 1072 0 0 40 5 0 0 0.5
w 2152 1064 2152 1032 0
w 2152 1032 2272 1032 0
w 2272 1032 2272 1112 0
w 2272 1112 2376 1112 0
w 2376 1112 2376 1128 0
w 2376 1128 2608 1128 0
w 2464 1024 2608 1024 0
w 2608 1024 2608 1128 0
164 1624 1176 1672 1176 0 4 0 0 0 0 false 0
w 1744 1088 1616 1088 0
w 1616 1088 1616 1272 0
w 1616 1272 1624 1272 0
w 1472 1232 1576 1232 0
w 1624 1176 1576 1176 0
w 1576 1176 1576 1232 0
w 1720 1272 2080 1272 0
w 2096 1392 2248 1392 0
w 2096 1392 2096 1272 0
w 2080 1272 2096 1272 0
w 2248 1264 2152 1264 0
w 1720 1240 2144 1240 0
w 2152 1264 2144 1264 0
w 2144 1240 2144 1264 0
w 2248 1136 2160 1136 0
w 2160 1136 2160 1200 0
w 1720 1208 2160 1208 0
w 2160 1200 2160 1208 0
w -136 152 -136 104 0
164 1656 -472 1816 -472 0 4 0 0 0 5 false 0
164 1656 -256 1840 -256 0 4 0 5 0 5 false 0
w 1752 -256 1784 -256 0
w 1784 -256 1784 -304 0
w 1784 -304 1624 -304 0
w 1624 -304 1624 -472 0
w 1624 -472 1656 -472 0
w 1928 -544 1656 -544 0
w 1656 -544 1656 -376 0
w 1656 -376 1656 -160 0
w 1656 -256 1400 -256 0
w 1336 -240 1336 -256 0
w 1336 -256 1392 -256 0
w 1392 -256 1400 -256 0
w 1752 -160 2360 -160 0
w 2416 16 2416 -160 0
w 2360 -160 2416 -160 0
w 1752 -192 2432 -192 0
w 2432 -24 2432 -192 0
w 1752 -224 2448 -224 0
w 2448 -64 2448 -224 0
w 1784 -256 2480 -256 0
w 2480 -96 2480 -256 0
w 1752 -376 2496 -376 0
w 2496 -128 2496 -376 0
w 2512 -128 2512 -408 0
w 1752 -408 2512 -408 0
