$ 1 0.000049999999999999996 382.76258214399064 26 5 50 5e-11
165 656 336 752 336 6 0
r 480 256 480 320 0 3900
r 480 400 480 480 0 1500
174 416 160 496 208 1 60000 0.9950000000000001 Resistance
w 480 256 480 240 0
w 480 320 480 336 0
w 480 336 480 400 0
c 480 480 480 576 4 0.00009999999999999999 2.078844214552882 0 0
w 480 400 656 400 0
w 656 368 656 400 0
w 480 480 592 480 0
w 656 432 592 432 0
w 592 432 592 480 0
w 656 464 656 480 0
w 592 480 656 480 0
g 480 576 480 608 0 0
g 752 496 752 528 0 0
w 784 368 816 368 0
w 720 304 720 176 0
w 816 368 816 176 0
w 512 160 720 160 0
w 720 176 720 160 0
w 816 176 816 160 0
w 720 160 816 160 0
R 816 160 848 160 0 0 40 5 0 0 0.5
w 784 400 928 400 0
w 720 496 720 512 0
w 720 512 704 512 0
c 704 512 656 512 4 1e-8 3.333333333333333 0 0
g 656 512 656 560 0 0
w 464 208 464 240 0
w 464 240 480 240 0
w 1808 496 1648 496 0
w 1648 304 1808 304 0
R 928 304 928 240 0 0 40 5 0 0 0.5
w 1424 496 1648 496 0
w 1168 496 1424 496 0
w 928 496 1168 496 0
w 1648 480 1648 496 0
w 1424 480 1424 496 0
w 1648 432 1648 480 0
w 1424 432 1424 480 0
w 1168 432 1168 496 0
w 928 432 928 496 0
w 1648 304 1648 368 0
w 1424 304 1648 304 0
w 1424 304 1424 368 0
w 1168 304 1424 304 0
w 1168 304 1168 368 0
w 928 304 1168 304 0
w 928 368 928 304 0
w 1568 400 1648 400 0
w 1568 368 1568 400 0
w 1520 368 1568 368 0
w 1328 400 1424 400 0
w 1328 368 1328 400 0
w 1264 368 1328 368 0
w 1056 400 1168 400 0
w 1056 368 1056 400 0
w 1024 368 1056 368 0
156 1648 368 1680 368 2 5
156 1424 368 1472 368 2 5
156 1168 368 1200 368 2 0
156 928 368 1104 368 2 5
156 1840 368 1888 368 2 0
156 2032 368 2064 368 2 0
w 1840 368 1840 304 0
w 1808 304 1840 304 0
w 1840 432 1840 496 0
w 1824 496 1840 496 0
w 1824 496 1808 496 0
w 2032 368 2032 304 0
w 2032 432 2032 496 0
w 1840 496 2032 496 0
w 1840 304 2032 304 0
w 1744 368 1776 368 0
w 1776 368 1776 400 0
w 1776 400 1840 400 0
w 1936 368 1968 368 0
w 1968 368 1968 400 0
w 1968 400 2032 400 0
w 1056 400 1056 624 0
w 1328 400 1328 640 0
w 1568 400 1568 640 0
w 2128 368 2192 368 0
w 2192 368 2192 640 0
w 1968 400 1968 640 0
w 1776 400 1776 640 0
w 1024 400 1024 224 0
w 1264 400 1264 224 0
w 1520 400 1520 224 0
w 1744 400 1744 224 0
w 1936 400 1936 224 0
w 2128 400 2128 224 0
w 1024 224 1264 224 0
w 1264 224 1520 224 0
w 1520 224 1744 224 0
w 1744 224 1936 224 0
w 1936 224 2128 224 0
w 1520 224 1520 96 0
w 2032 304 2176 304 0
w 2176 304 2176 496 0
w 2032 496 2176 496 0
R 1616 96 1728 96 0 0 40 5 0 0 0.5
s 1616 96 1520 96 0 1 false
o 25 1024 0 4098 5 0.1 0 2 25 3
