$ 3 0.001 382.76258214399064 76 7 50 5e-11
a 112 -8 184 -8 10 5 0 1000000 4.375 5.157338120567147 100000
a 112 40 184 40 10 5 0 1000000 3.75 5.157338120567147 100000
a 112 88 184 88 10 5 0 1000000 3.124999999999999 5.157338120567147 100000
a 112 136 184 136 10 5 0 1000000 2.499999999999999 5.157338120567147 100000
a 112 184 184 184 10 5 0 1000000 1.8749999999999993 5.157338120567147 100000
a 112 232 184 232 10 5 0 1000000 1.2499999999999993 5.157338120567147 100000
a 112 280 184 280 10 5 0 1000000 0.6249999999999997 5.157338120567147 100000
r 80 -64 80 -16 0 1000
r 80 -16 80 32 0 1000
r 80 32 80 80 0 1000
r 80 80 80 128 0 1000
r 80 128 80 176 0 1000
r 80 176 80 224 0 1000
r 80 224 80 272 0 1000
r 80 272 80 320 0 1000
R 80 -64 40 -64 0 0 40 5 0 0 0.5
w 80 -16 112 -16 0
w 80 32 112 32 0
w 80 80 112 80 0
w 80 128 112 128 0
w 80 176 112 176 0
w 80 224 112 224 0
w 80 272 112 272 0
w 112 0 112 48 0
w 112 48 112 96 0
w 112 96 112 144 0
w 112 144 112 192 0
w 112 192 112 240 0
w 112 240 112 288 0
w 112 0 112 -48 0
g 80 320 80 328 0 0
154 296 296 360 296 1 7 5 5
w 184 280 184 320 0
w 184 320 296 320 0
w 184 232 192 232 0
w 192 232 192 312 0
w 192 312 296 312 0
w 184 184 200 184 0
w 200 184 200 304 0
w 200 304 296 304 0
w 184 136 208 136 0
w 208 136 208 296 0
w 208 296 296 296 0
w 184 88 216 88 0
w 216 88 216 288 0
w 216 288 296 288 0
w 184 40 224 40 0
w 224 40 224 280 0
w 224 280 296 280 0
w 184 -8 232 -8 0
w 232 -8 232 272 0
w 232 272 296 272 0
154 288 224 360 224 1 3 5 5
w 192 232 288 232 0
w 288 224 256 224 0
w 288 216 264 216 0
w 256 224 256 136 0
w 256 136 208 136 0
w 264 216 264 40 0
w 264 40 224 40 0
w 256 136 360 136 0
w 360 224 384 224 0
r -136 152 -136 104 0 1000
R -400 -48 -480 -48 0 0 40 5 0 0 0.5
w -336 96 -400 96 0
w -408 168 -400 168 0
w -400 96 -400 168 0
w -400 40 -400 96 0
374 -400 -48 -400 40 0 0.9901000000000001 Light\sBrightness
g -448 200 -448 256 0 0
174 -488 168 -416 200 1 50000 0.9158000000000001 Resistance
w -136 104 -56 104 0
w -176 152 -136 152 0
w -176 112 -176 152 0
r -176 216 -176 152 0 3620
w -240 216 -176 216 0
w -224 96 -176 96 0
w -136 48 -136 104 0
w -288 48 -288 96 0
c -288 48 -136 48 4 0.0000022 -1.1162553792931291 0 0
g -240 216 -240 232 0 0
r -288 96 -336 96 0 3620
r -240 96 -288 96 0 3620
w -240 96 -240 160 0
c -240 160 -240 216 4 0.0000022 4.041082741410623 0 0
w -224 96 -240 96 0
a -176 104 -136 104 11 15 -15 1000000 4.041031168029417 4.041082741410623 100000
w -56 104 -56 368 0
w -56 368 112 368 0
w 112 288 112 368 0
g 2000 248 2000 288 0 0
r 1920 248 2000 248 0 1000
w 1920 296 1920 248 0
w 1720 456 1808 456 0
w 1720 424 1808 424 0
w 1720 392 1808 392 0
w 1720 248 1808 248 0
w 1720 216 1808 216 0
w 1720 184 1808 184 0
w 1720 152 1808 152 0
w 1632 456 1720 456 0
w 1632 384 1632 456 0
w 1496 384 1632 384 0
w 1680 424 1720 424 0
w 1680 352 1680 424 0
w 1496 352 1680 352 0
w 1720 320 1720 392 0
w 1496 320 1720 320 0
w 1616 248 1720 248 0
w 1616 288 1616 248 0
w 1496 288 1616 288 0
w 1576 216 1720 216 0
w 1576 256 1576 216 0
w 1496 256 1576 256 0
w 1536 184 1720 184 0
w 1536 224 1536 184 0
w 1496 224 1536 224 0
w 1496 152 1720 152 0
w 1496 192 1496 152 0
g 1368 192 1312 192 0 0
197 1368 192 1520 192 0
w 1888 456 1808 456 0
w 1888 392 1888 456 0
w 1872 424 1808 424 0
w 1872 392 1872 424 0
w 1856 392 1808 392 0
w 1904 248 1808 248 0
w 1904 296 1904 248 0
w 1888 216 1808 216 0
w 1888 296 1888 216 0
w 1872 184 1808 184 0
w 1872 296 1872 184 0
w 1856 152 1808 152 0
w 1856 296 1856 152 0
157 1840 312 1880 312 4097 7 1 1
w 1312 224 1368 224 0
w 1312 256 1368 256 0
155 1096 64 1168 64 0 0
155 1096 192 1128 192 0 5
155 1096 328 1184 328 0 5
w 984 64 1096 64 0
w 1016 192 1096 192 0
w 1016 328 1096 328 0
w 1192 64 1264 64 0
w 1264 64 1264 224 0
w 1264 224 1312 224 0
w 1192 192 1248 192 0
w 1248 192 1248 256 0
w 1248 256 1312 256 0
w 1192 328 1264 328 0
w 1264 328 1264 288 0
w 1264 288 1368 288 0
w 1096 360 1096 224 0
w 1096 224 1096 96 0
w 2440 -144 2584 -144 0
w 2584 -336 2584 -144 0
w 2440 -336 2584 -336 0
w 1928 -416 1928 -544 0
w 2344 -416 2536 -416 0
w 2152 -416 2344 -416 0
w 1928 -416 2152 -416 0
w 1672 -416 1928 -416 0
w 1432 -416 1672 -416 0
w 2536 -240 2536 -416 0
w 2344 -240 2344 -416 0
w 2152 -240 2152 -416 0
w 1928 -240 1928 -416 0
w 1672 -240 1672 -416 0
w 1432 -240 1432 -416 0
w 2536 -272 2600 -272 0
w 1464 -240 1464 -16 0
w 2376 -240 2440 -240 0
w 2376 -272 2376 -240 0
w 2344 -272 2376 -272 0
w 2184 -240 2248 -240 0
w 2184 -272 2184 -240 0
w 2152 -272 2184 -272 0
w 2248 -336 2440 -336 0
w 2248 -144 2440 -144 0
w 2440 -208 2440 -144 0
w 2440 -272 2440 -336 0
w 2232 -144 2216 -144 0
w 2232 -144 2248 -144 0
w 2248 -208 2248 -144 0
w 2216 -336 2248 -336 0
w 2248 -272 2248 -336 0
156 2440 -272 2472 -272 2 0
156 2248 -272 2296 -272 2 0
156 1336 -272 1512 -272 2 0
156 1576 -272 1608 -272 2 0
156 1832 -272 1880 -272 2 0
156 2056 -272 2088 -272 2 5
w 1432 -272 1464 -272 0
w 1464 -272 1464 -240 0
w 1464 -240 1576 -240 0
w 1672 -272 1736 -272 0
w 1736 -272 1736 -240 0
w 1736 -240 1832 -240 0
w 1928 -272 1976 -272 0
w 1976 -272 1976 -240 0
w 1976 -240 2056 -240 0
w 1336 -272 1336 -336 0
w 1336 -336 1576 -336 0
w 1576 -336 1576 -272 0
w 1576 -336 1832 -336 0
w 1832 -336 1832 -272 0
w 1832 -336 2056 -336 0
w 2056 -336 2056 -272 0
w 1336 -208 1336 -144 0
w 1576 -208 1576 -144 0
w 1832 -208 1832 -160 0
w 2056 -208 2056 -160 0
w 1832 -160 1832 -144 0
w 2056 -160 2056 -144 0
w 1336 -144 1576 -144 0
w 1576 -144 1832 -144 0
w 1832 -144 2056 -144 0
R 1336 -336 1336 -400 0 0 40 5 0 0 0.5
w 2056 -336 2216 -336 0
w 2216 -144 2056 -144 0
g 1064 -128 1064 -80 0 0
c 1112 -128 1064 -128 4 1e-8 3.333333333333333 0 0
w 1128 -128 1112 -128 0
w 1128 -144 1128 -128 0
R 1224 -480 1256 -480 0 0 40 5 0 0 0.5
w 1128 -480 1224 -480 0
w 1224 -464 1224 -480 0
w 1128 -464 1128 -480 0
w 920 -480 1128 -480 0
w 1224 -272 1224 -464 0
w 1128 -336 1128 -464 0
w 1192 -272 1224 -272 0
g 1160 -144 1160 -112 0 0
g 872 -24 872 8 0 0
w 1000 -160 1064 -160 0
w 1064 -176 1064 -160 0
w 1000 -208 1000 -160 0
w 1064 -208 1000 -208 0
w 888 -160 1000 -160 0
w 1064 -272 1064 -240 0
w 888 -240 1064 -240 0
c 888 -160 888 -64 4 0.00009999999999999999 3.221739431491282 0 0
w 888 -304 888 -240 0
w 888 -320 888 -304 0
w 888 -384 888 -400 0
174 824 -480 904 -432 1 60000 0.9950000000000001 Resistance
r 888 -240 888 -160 0 1500
r 888 -384 888 -320 0 3900
165 1064 -304 1160 -304 6 4.999999950000001
w 904 -480 920 -480 0
155 304 -184 384 -184 0 5
155 480 -184 552 -184 0 5
155 640 -184 728 -184 0 5
w 304 -184 280 -184 0
w 280 -184 280 -56 0
w 360 136 360 -56 0
w 280 -56 360 -56 0
w 480 -184 464 -184 0
w 464 -184 448 -184 0
w 384 224 384 -56 0
w 384 -56 448 -56 0
w 448 -184 448 -56 0
w 360 296 424 296 0
w 424 296 424 -32 0
w 640 -184 616 -184 0
w 424 -32 616 -32 0
w 616 -184 616 -32 0
w 424 296 944 296 0
w 384 224 856 224 0
w 360 136 792 136 0
w 344 -280 280 -280 0
w 400 -184 400 -280 0
w 360 -280 400 -280 0
w 512 -280 448 -280 0
w 448 -280 448 -184 0
w 576 -184 576 -280 0
w 528 -280 576 -280 0
w 688 -280 616 -280 0
w 616 -280 616 -184 0
w 704 -280 736 -280 0
w 736 -184 736 -280 0
152 520 -456 520 -528 1 3 0 5
w 512 -456 352 -456 0
w 352 -384 352 -456 0
w 520 -384 520 -456 0
w 528 -456 696 -456 0
w 696 -456 696 -392 0
w 280 -280 280 -184 0
w 520 -528 520 -632 0
w 520 -632 1928 -640 0
w 1928 -544 1928 -640 0
w 304 -152 208 -152 0
w 480 -152 416 -152 0
w 640 -152 592 -152 0
w 208 -152 208 -520 0
w 416 -152 416 -520 0
w 592 -152 592 -424 0
w 592 -424 464 -424 0
w 464 -424 464 -544 0
w 416 -520 416 -544 0
w 208 -520 208 -536 0
w 208 -536 208 -544 0
w 208 -544 416 -544 0
w 416 -544 464 -544 0
w 1464 -16 1464 8 0
w 1736 -240 1736 -32 0
w 1976 -240 1976 -64 0
w 2184 -240 2184 -96 0
w 2376 -240 2376 -128 0
w 1464 8 2296 16 0
w 1736 -32 2344 -24 0
w 2376 -128 2448 -128 0
w 2600 -272 2600 -128 0
w 2600 -128 2520 -128 0
w 2184 -96 2400 -96 0
w 1976 -64 2368 -64 0
150 2464 64 2464 352 0 6 0 5
w 2416 64 2416 16 0
w 2296 16 2416 16 0
w 2432 64 2432 -24 0
w 2344 -24 2432 -24 0
w 2448 64 2448 -64 0
w 2368 -64 2448 -64 0
w 2480 64 2480 -96 0
w 2400 -96 2480 -96 0
w 2496 64 2496 -128 0
w 2448 -128 2496 -128 0
w 2512 64 2512 -128 0
w 2512 -128 2520 -128 0
w 2464 352 2112 352 0
w 2112 352 2112 48 0
w 2112 48 1352 48 0
w 1352 48 1352 -24 0
w 1096 96 1096 -24 0
w 1096 -24 1352 -24 0
w 792 136 984 136 0
w 984 64 984 136 0
w 1016 192 1016 224 0
w 1016 328 1016 296 0
w 944 296 1016 296 0
w 856 224 1016 224 0
154 352 -280 352 -376 1 2 0 5
154 520 -280 520 -376 1 2 0 5
154 696 -280 696 -376 1 2 0 5
w 352 -384 352 -376 0
w 520 -384 520 -376 0
w 696 -392 696 -376 0
w 864 -432 864 -400 0
w 864 -400 888 -400 0
S 888 -64 888 -24 0 1 false 0 2
c 904 -24 992 -24 4 1e-8 0 0 0
g 992 -24 992 8 0 0
w 416 -544 416 -568 0
w 416 -568 1296 -568 0
w 1296 -568 1296 -240 0
w 1192 -240 1296 -240 0
w 1296 -240 1336 -240 0
419 2920 -120 3088 -120 0 6
w 2416 16 2920 40 0
w 2432 -24 2920 8 0
w 2448 -64 2920 -24 0
w 2480 -96 2920 -56 0
w 2496 -128 2920 -88 0
w 2600 -128 2920 -120 0
o 355 1 0 4098 5 0.1 0 2 355 3
